{
  "cameras": [
    {
      "rotation": [
        [
          1.0,
          0.0,
          0.0
        ],
        [
          0.0,
          1.0,
          0.0
        ],
        [
          0.0,
          0.0,
          1.0
        ]
      ],
      "translation": [
        0.2225628775834537,
        0.25256228731875097,
        1.6908747924141798
      ],
      "filename": "Dataset/Wall 1/20251209_205619.jpg",
      "wall_id": 1
    },
    {
      "rotation": [
        [
          0.851390209332536,
          0.04263965275821274,
          -0.5227968740011362
        ],
        [
          -0.06992616465836955,
          0.9970206775305548,
          -0.03255917800995241
        ],
        [
          0.5198509814830315,
          0.0642777456758737,
          0.8518352707313523
        ]
      ],
      "translation": [
        0.2918853012190291,
        0.28539435123892337,
        1.7654713613072455
      ],
      "filename": "Dataset/Wall 1/20251209_205621.jpg",
      "wall_id": 1
    },
    {
      "rotation": [
        [
          0.4021350016035004,
          0.007670003851814543,
          -0.9155482573443446
        ],
        [
          -0.13839397598683298,
          0.9889846877932252,
          -0.05250137827802256
        ],
        [
          0.9050605216757103,
          0.14781900537971912,
          0.39876684134045287
        ]
      ],
      "translation": [
        0.15595848965003223,
        0.24732204253024082,
        2.0176649307268573
      ],
      "filename": "Dataset/Wall 1/20251209_205622.jpg",
      "wall_id": 1
    },
    {
      "rotation": [
        [
          -0.2534712231222712,
          -0.05080941022664265,
          -0.966007630860813
        ],
        [
          -0.12168201404498859,
          0.9923621922232058,
          -0.020267385226209335
        ],
        [
          0.9596592241555622,
          0.1124085551831942,
          -0.25771785001193054
        ]
      ],
      "translation": [
        -0.2066438674133226,
        0.25170805578118904,
        2.067604887077012
      ],
      "filename": "Dataset/Wall 1/20251209_205623.jpg",
      "wall_id": 1
    },
    {
      "rotation": [
        [
          -0.7671214680671447,
          -0.05526157995509867,
          -0.6391172122634272
        ],
        [
          -0.09501791060407987,
          0.9950814735379333,
          0.02800817177200805
        ],
        [
          0.6344259215187726,
          0.08221325198799431,
          -0.7685992006908509
        ]
      ],
      "translation": [
        -0.3903183930944914,
        0.28423500252622524,
        1.8549129496262347
      ],
      "filename": "Dataset/Wall 1/20251209_205624.jpg",
      "wall_id": 1
    },
    {
      "rotation": [
        [
          -0.7848934554807464,
          -0.010472781525206998,
          -0.6195422377777148
        ],
        [
          0.33530243003306687,
          0.8336384619801348,
          -0.4388840337963037
        ],
        [
          0.5210705748335954,
          -0.5522112236767021,
          -0.6508058239506359
        ]
      ],
      "translation": [
        -0.39306162236579933,
        0.45452715563227897,
        1.6422038852071903
      ],
      "filename": "Dataset/Wall 1/20251209_205626.jpg",
      "wall_id": 1
    },
    {
      "rotation": [
        [
          0.06998058653390085,
          -0.3263326420366561,
          -0.9426609805490769
        ],
        [
          0.357207389506589,
          0.8905128745866063,
          -0.28176178072511365
        ],
        [
          0.9313998058783666,
          -0.3170076133736769,
          0.17888704445226253
        ]
      ],
      "translation": [
        0.3648312006060528,
        0.4589486471636669,
        1.683867660705253
      ],
      "filename": "Dataset/Wall 1/20251209_205627.jpg",
      "wall_id": 1
    },
    {
      "rotation": [
        [
          0.8989826749720511,
          -0.3430531160692545,
          -0.2722952619038198
        ],
        [
          0.3153442719399451,
          0.9384191121264075,
          -0.14116501036216733
        ],
        [
          0.3039541745966997,
          0.04103814751008265,
          0.9518023587878842
        ]
      ],
      "translation": [
        0.777971975861437,
        0.31532937718740667,
        0.7191383672515885
      ],
      "filename": "Dataset/Wall 1/20251209_205629.jpg",
      "wall_id": 1
    },
    {
      "rotation": [
        [
          0.740433789978739,
          0.03622020897497606,
          0.6711526645402888
        ],
        [
          0.15341184646627504,
          0.9630811232324414,
          -0.2212228637305524
        ],
        [
          -0.6543872003802705,
          0.26676365294984955,
          0.7075411969937331
        ]
      ],
      "translation": [
        0.11908108213912107,
        0.2236767221863548,
        0.020939485797037687
      ],
      "filename": "Dataset/Wall 1/20251209_205630.jpg",
      "wall_id": 1
    },
    {
      "rotation": [
        [
          0.763418517762551,
          -0.46108028359265807,
          0.4523241523723253
        ],
        [
          0.3455527266190151,
          0.8832036486524604,
          0.3170877293954244
        ],
        [
          -0.5456972419422638,
          -0.08576880020785524,
          0.8335815695224505
        ]
      ],
      "translation": [
        0.08642660439282715,
        0.3289250000380672,
        0.9522042123813196
      ],
      "filename": "Dataset/Wall 1/20251209_205633.jpg",
      "wall_id": 1
    },
    {
      "rotation": [
        [
          0.8116288937079067,
          -0.5658130445614257,
          -0.14530704560553584
        ],
        [
          0.5641414232297769,
          0.6945832021869887,
          0.4464287511305144
        ],
        [
          -0.1516673778198887,
          -0.44430819691268314,
          0.8829423722199764
        ]
      ],
      "translation": [
        0.49057672274117103,
        0.3605448191749359,
        0.7480001962698744
      ],
      "filename": "Dataset/Wall 1/20251209_205634.jpg",
      "wall_id": 1
    },
    {
      "rotation": [
        [
          0.34261015996737476,
          -0.3241906632747153,
          -0.8817702036997109
        ],
        [
          0.7523207260656437,
          0.6568338055183925,
          0.05082201354029828
        ],
        [
          0.5627004562102227,
          -0.6807861380593228,
          0.4689332903591714
        ]
      ],
      "translation": [
        0.444836740749497,
        0.5505219375894014,
        1.2931959449127666
      ],
      "filename": "Dataset/Wall 1/20251209_205636.jpg",
      "wall_id": 1
    },
    {
      "rotation": [
        [
          -0.11916244860210004,
          -0.3104273421522791,
          -0.9430987096202723
        ],
        [
          0.09982676173151445,
          0.9413075555770917,
          -0.3224510869196756
        ],
        [
          0.9878435749071569,
          -0.13257055124631845,
          -0.0811795568902414
        ]
      ],
      "translation": [
        0.15898817980156157,
        0.25205605128888403,
        1.8012745611907945
      ],
      "filename": "Dataset/Wall 1/20251209_205637.jpg",
      "wall_id": 1
    },
    {
      "rotation": [
        [
          0.3020584185785415,
          -0.21040261417523914,
          -0.9297803244390881
        ],
        [
          -0.014736171587794162,
          0.9741918687753022,
          -0.2252399788204118
        ],
        [
          0.9531755121764122,
          0.08173703420304781,
          0.29116232624933425
        ]
      ],
      "translation": [
        0.024898820026837278,
        -0.15004377518174758,
        2.043020935361858
      ],
      "filename": "Dataset/Wall 1/20251209_205639.jpg",
      "wall_id": 1
    },
    {
      "rotation": [
        [
          0.2559046751519969,
          -0.26823930782428546,
          -0.9287413369573356
        ],
        [
          -0.7489129604585469,
          0.5524770267097942,
          -0.3659214568935787
        ],
        [
          0.6112627707398561,
          0.7891874357184444,
          -0.059506440084926074
        ]
      ],
      "translation": [
        0.08649777217425168,
        -0.8169240329218048,
        1.6565763407887466
      ],
      "filename": "Dataset/Wall 1/20251209_205640.jpg",
      "wall_id": 1
    },
    {
      "rotation": [
        [
          6.08026282305134e-17,
          0.0,
          0.9929822749358683
        ],
        [
          0.0,
          0.9929822749358683,
          0.0
        ],
        [
          -0.9929822749358683,
          0.0,
          6.08026282305134e-17
        ]
      ],
      "translation": [
        -2.1459382834078258,
        0.952404152460738,
        2.2605617432001397
      ],
      "filename": "Dataset/Wall 2/20251209_205655.jpg",
      "wall_id": 2
    },
    {
      "rotation": [
        [
          -0.6985599719051041,
          -0.009995728579673123,
          0.7056400282005788
        ],
        [
          0.0764345464158717,
          0.9859702007202792,
          0.08963437812929194
        ],
        [
          -0.7015593518035037,
          0.11737396235360968,
          -0.6928575807446098
        ]
      ],
      "translation": [
        0.9937153284968728,
        0.527209435691028,
        2.9072633229625504
      ],
      "filename": "Dataset/Wall 2/20251209_205657.jpg",
      "wall_id": 2
    },
    {
      "rotation": [
        [
          -0.9745888375608981,
          0.04025528059079779,
          -0.18592984812306548
        ],
        [
          0.001032874406513349,
          0.9716018191267556,
          0.2049454478070972
        ],
        [
          0.1902349316213256,
          0.20095575580447544,
          -0.9536462936209074
        ]
      ],
      "translation": [
        3.7687568554401487,
        0.6937149121660509,
        0.36463209292105164
      ],
      "filename": "Dataset/Wall 2/20251209_205659.jpg",
      "wall_id": 2
    },
    {
      "rotation": [
        [
          -0.6859155855439478,
          0.08352953527857385,
          -0.7131314216754591
        ],
        [
          -0.12550920866705795,
          0.9571067733090921,
          0.23282581764580731
        ],
        [
          0.7069519406469472,
          0.25096461814131515,
          -0.6505762925234146
        ]
      ],
      "translation": [
        4.1777162213010195,
        1.1326365946622674,
        -2.05451482913363
      ],
      "filename": "Dataset/Wall 2/20251209_205701.jpg",
      "wall_id": 2
    },
    {
      "rotation": [
        [
          -0.8522568188422328,
          0.15626725865058522,
          -0.48502851147902837
        ],
        [
          0.010895410240666514,
          0.95051186705042,
          0.2870928054981939
        ],
        [
          0.5094638388633858,
          0.2410840782942086,
          -0.8175199461911778
        ]
      ],
      "translation": [
        3.7634033138732823,
        0.14692391857035297,
        -0.7087732098890751
      ],
      "filename": "Dataset/Wall 2/20251209_205702.jpg",
      "wall_id": 2
    },
    {
      "rotation": [
        [
          -0.8578400555841293,
          -0.02970414007299985,
          0.4992413258482851
        ],
        [
          -0.031809072484227874,
          0.9924629377930656,
          0.004392988921317496
        ],
        [
          -0.499111631080587,
          -0.01219752050596056,
          -0.8583429376131639
        ]
      ],
      "translation": [
        1.6199599245183596,
        0.4188185435250178,
        2.428691051722514
      ],
      "filename": "Dataset/Wall 2/20251209_205704.jpg",
      "wall_id": 2
    },
    {
      "rotation": [
        [
          0.02527682632021081,
          -0.006838820180471755,
          0.99263694819734
        ],
        [
          -0.3161428942169494,
          0.9411993456680373,
          0.014534802613071753
        ],
        [
          -0.9409721307372082,
          -0.3164029402350893,
          0.021781343468250766
        ]
      ],
      "translation": [
        -2.195176892327033,
        1.0259375361366545,
        1.8613955051964732
      ],
      "filename": "Dataset/Wall 2/20251209_205705.jpg",
      "wall_id": 2
    },
    {
      "rotation": [
        [
          0.7589950547389098,
          0.08524717293083066,
          0.6345653825461908
        ],
        [
          -0.3273663216215169,
          0.8974442179026949,
          0.27099624639066217
        ],
        [
          -0.5502468506831183,
          -0.4163419190967119,
          0.714073951389483
        ]
      ],
      "translation": [
        -3.8078813962010014,
        0.5050599744941967,
        -1.0385482699698436
      ],
      "filename": "Dataset/Wall 2/20251209_205707.jpg",
      "wall_id": 2
    },
    {
      "rotation": [
        [
          0.516153184077888,
          -0.8345085805517337,
          0.15229943495824644
        ],
        [
          0.4406109971214998,
          0.4160805388504872,
          0.7866083731707266
        ],
        [
          -0.7248873278783874,
          -0.3413007654726702,
          0.586571349203073
        ]
      ],
      "translation": [
        -1.714692099869861,
        -3.660071561353174,
        0.5780701230391693
      ],
      "filename": "Dataset/Wall 2/20251209_205709.jpg",
      "wall_id": 2
    },
    {
      "rotation": [
        [
          -0.32158371858348084,
          -0.8289329517810516,
          0.44211748634315073
        ],
        [
          0.20353008511750398,
          0.3947317483680423,
          0.8881307052563722
        ],
        [
          -0.9171549567716979,
          0.37824701799045696,
          0.042068717442356914
        ]
      ],
      "translation": [
        0.2265794343536849,
        -2.3510091638705632,
        2.170645944627842
      ],
      "filename": "Dataset/Wall 2/20251209_205710.jpg",
      "wall_id": 2
    },
    {
      "rotation": [
        [
          -0.4497125298635311,
          -0.690153671455131,
          0.554491071702294
        ],
        [
          0.4160508534836138,
          0.3842183236601418,
          0.8156541947517698
        ],
        [
          -0.7814564134589412,
          0.6017291648886611,
          0.11515938660437083
        ]
      ],
      "translation": [
        -0.38127562252185065,
        -2.718979738138007,
        2.3258766933244184
      ],
      "filename": "Dataset/Wall 2/20251209_205712.jpg",
      "wall_id": 2
    },
    {
      "rotation": [
        [
          -0.5982293580329624,
          0.24758057377308196,
          0.752887304325469
        ],
        [
          0.7092301158173729,
          0.5882445832780737,
          0.370101001617792
        ],
        [
          -0.3537344715206015,
          0.7607141171760968,
          -0.5312247677997006
        ]
      ],
      "translation": [
        0.4880449092600185,
        -1.7471359989627078,
        3.2723525730007212
      ],
      "filename": "Dataset/Wall 2/20251209_205714.jpg",
      "wall_id": 2
    },
    {
      "rotation": [
        [
          0.28437315685803394,
          0.7187698915269023,
          0.6233101547623068
        ],
        [
          0.8945227292546823,
          0.019548964406774432,
          -0.43065151012644776
        ],
        [
          -0.32399813709675,
          0.6848368268148546,
          -0.6419014925460211
        ]
      ],
      "translation": [
        -1.2000358298990794,
        -1.3320705547357592,
        4.213954038914246
      ],
      "filename": "Dataset/Wall 2/20251209_205715.jpg",
      "wall_id": 2
    },
    {
      "rotation": [
        [
          -1.2305252000473974,
          0.0,
          1.5069587475082018e-16
        ],
        [
          0.0,
          1.2305252000473974,
          0.0
        ],
        [
          -1.5069587475082018e-16,
          0.0,
          -1.2305252000473974
        ]
      ],
      "translation": [
        -0.4872387123168755,
        1.0549186023561519,
        13.224498671409277
      ],
      "filename": "Dataset/Wall 3/20251209_205719.jpg",
      "wall_id": 3
    },
    {
      "rotation": [
        [
          -0.9398502758108673,
          0.17852973982983095,
          -0.7739514577841552
        ],
        [
          0.14043395726245864,
          1.217498575532788,
          0.11030770677937575
        ],
        [
          0.781762131762295,
          -0.004076582344533856,
          -0.950275548864931
        ]
      ],
      "translation": [
        6.652832545848029,
        0.04459299728499108,
        10.949356875923073
      ],
      "filename": "Dataset/Wall 3/20251209_205720.jpg",
      "wall_id": 3
    },
    {
      "rotation": [
        [
          -0.19329369244544645,
          0.3131771051385072,
          -1.1742018213363319
        ],
        [
          0.024446600409605525,
          1.1897236363500316,
          0.3132926759280513
        ],
        [
          1.2150029547869023,
          0.02588508989379521,
          -0.1931063176904662
        ]
      ],
      "translation": [
        10.600257510978771,
        -1.9765101325275092,
        4.346060106320438
      ],
      "filename": "Dataset/Wall 3/20251209_205721.jpg",
      "wall_id": 3
    },
    {
      "rotation": [
        [
          -0.13982210444454451,
          0.3171870620603173,
          -1.180692345499848
        ],
        [
          -0.9121844591931884,
          0.7641640039044818,
          0.31331319074496233
        ],
        [
          0.8139788446064286,
          0.9108446688376137,
          0.14829935176853395
        ]
      ],
      "translation": [
        9.977697052356401,
        -4.50490059662013,
        -0.2621833044868859
      ],
      "filename": "Dataset/Wall 3/20251209_205722.jpg",
      "wall_id": 3
    },
    {
      "rotation": [
        [
          -0.8406390147752237,
          -0.4852624510538512,
          -0.7563323795704098
        ],
        [
          -0.8752820680057996,
          0.6766657847690548,
          0.5386993457412564
        ],
        [
          0.2034689563961008,
          0.9060000205694121,
          -0.8074383038121197
        ]
      ],
      "translation": [
        6.6288782493362115,
        -6.105465901565309,
        7.90123097358865
      ],
      "filename": "Dataset/Wall 3/20251209_205724.jpg",
      "wall_id": 3
    },
    {
      "rotation": [
        [
          -1.0299686304085975,
          -0.5922122814701543,
          -0.32037712465442814
        ],
        [
          -0.66177498380101,
          0.782421794235943,
          0.6812211642862167
        ],
        [
          -0.12414007870585961,
          0.7424910891938097,
          -0.9733902050454286
        ]
      ],
      "translation": [
        1.9128850476041124,
        -5.928254347906498,
        8.698298540700572
      ],
      "filename": "Dataset/Wall 3/20251209_205726.jpg",
      "wall_id": 3
    },
    {
      "rotation": [
        [
          -1.044791482923798,
          -0.649770868868365,
          -0.020021067195001737
        ],
        [
          -0.5668892725122904,
          0.8921094078641326,
          0.6300552555629395
        ],
        [
          -0.31818167431840555,
          0.5441790976526422,
          -1.0567978992019154
        ]
      ],
      "translation": [
        0.4690159586100254,
        -4.480903180673108,
        9.464907029488815
      ],
      "filename": "Dataset/Wall 3/20251209_205729.jpg",
      "wall_id": 3
    },
    {
      "rotation": [
        [
          -1.0182288915488804,
          -0.686344432244005,
          0.07958336945919249
        ],
        [
          -0.5196187302802275,
          0.6672371822864485,
          -0.8938585937764958
        ],
        [
          0.4554103287243161,
          -0.7732516607507433,
          -0.8419474862419369
        ]
      ],
      "translation": [
        -1.6643772771323222,
        8.177737568666192,
        5.568603864364861
      ],
      "filename": "Dataset/Wall 3/20251209_205739.jpg",
      "wall_id": 3
    },
    {
      "rotation": [
        [
          -1.0203058266325165,
          -0.6875086417098895,
          0.02236416029378481
        ],
        [
          -0.657593938606841,
          0.9866179341305072,
          0.3291618627837693
        ],
        [
          -0.20183780616863356,
          0.26097736985792547,
          -1.1854723026603202
        ]
      ],
      "translation": [
        0.17785370300941802,
        -1.7180630688618022,
        10.076380531284139
      ],
      "filename": "Dataset/Wall 3/20251209_205741.jpg",
      "wall_id": 3
    },
    {
      "rotation": [
        [
          -0.9944887897994457,
          -0.7238023791267215,
          -0.03597820014143896
        ],
        [
          -0.6177068575145668,
          0.8146770380549773,
          0.6847859737152445
        ],
        [
          -0.3789756629315395,
          0.5714925262749764,
          -1.0217465474711112
        ]
      ],
      "translation": [
        0.3827370035951873,
        -4.001140214459516,
        7.739019581061094
      ],
      "filename": "Dataset/Wall 3/20251209_205745.jpg",
      "wall_id": 3
    },
    {
      "rotation": [
        [
          -0.7991006763836626,
          -0.7453739115068757,
          -0.5657279461011273
        ],
        [
          -0.9324659051594767,
          0.5720053578923223,
          0.5634797904177944
        ],
        [
          -0.07834355538254162,
          0.7946193242925229,
          -0.9362877147237414
        ]
      ],
      "translation": [
        2.770531423060303,
        -2.464278455638909,
        6.484014302436215
      ],
      "filename": "Dataset/Wall 3/20251209_205750.jpg",
      "wall_id": 3
    },
    {
      "rotation": [
        [
          0.6115783197881235,
          0.5272519101644337,
          0.928530909525784
        ],
        [
          -0.9135024997132536,
          -0.2957003379470805,
          0.7695886960625808
        ],
        [
          0.5528810086577937,
          -1.071801754671836,
          0.24445011126936583
        ]
      ],
      "translation": [
        -3.9385815965123143,
        -4.988526843973211,
        -3.6844555205111056
      ],
      "filename": "Dataset/Wall 3/20251209_205751.jpg",
      "wall_id": 3
    },
    {
      "rotation": [
        [
          1.0098952735376794,
          0.36458061648067314,
          0.6011528745040783
        ],
        [
          -0.4458994073408412,
          -0.4813404324693261,
          1.0409982586705009
        ],
        [
          0.5435784423347096,
          -1.0721868447749687,
          -0.26292606350865466
        ]
      ],
      "translation": [
        -2.0887721535942143,
        -7.68611977899011,
        0.34959163325337844
      ],
      "filename": "Dataset/Wall 3/20251209_205753.jpg",
      "wall_id": 3
    },
    {
      "rotation": [
        [
          1.1591010794145153,
          -0.4084432825388598,
          0.06205675306262228
        ],
        [
          -0.3126240052882238,
          -0.7463263342120744,
          0.9270682294905824
        ],
        [
          -0.2700799640279531,
          -0.8890238218192673,
          -0.8067748912926145
        ]
      ],
      "translation": [
        -1.1226054665148566,
        -7.521717886700968,
        4.1002775935135
      ],
      "filename": "Dataset/Wall 3/20251209_205755.jpg",
      "wall_id": 3
    },
    {
      "rotation": [
        [
          1.1382274829756096,
          -0.46757681748706414,
          0.0015442471842359521
        ],
        [
          -0.4610165954231223,
          -1.121567113949945,
          0.20914869256619834
        ],
        [
          -0.07806512470474894,
          -0.19403967791755372,
          -1.21261977043514
        ]
      ],
      "translation": [
        -0.1004321070371607,
        -2.465085217847445,
        9.09678792934997
      ],
      "filename": "Dataset/Wall 3/20251209_205758.jpg",
      "wall_id": 3
    },
    {
      "rotation": [
        [
          -1.5687882979900516e-17,
          0.0,
          -0.08540085729655839
        ],
        [
          0.0,
          0.08540085729655839,
          0.0
        ],
        [
          0.08540085729655839,
          0.0,
          -1.5687882979900516e-17
        ]
      ],
      "translation": [
        0.25271566027654585,
        -0.005757190293226458,
        0.24522537587102552
      ],
      "filename": "Dataset/Wall 4/20251209_205806.jpg",
      "wall_id": 4
    },
    {
      "rotation": [
        [
          0.000665445375445306,
          0.08195062122865643,
          -0.024019976887514182
        ],
        [
          0.0047590653805984285,
          0.02394779103781272,
          0.08183618410030845
        ],
        [
          0.08526555521511965,
          -0.0019762114344557802,
          -0.0043801951110467975
        ]
      ],
      "translation": [
        0.06145464734301422,
        -0.2315438103964972,
        0.26180801721913766
      ],
      "filename": "Dataset/Wall 4/20251209_205808.jpg",
      "wall_id": 4
    },
    {
      "rotation": [
        [
          0.0021949117134741065,
          0.08533566095081116,
          0.002512719571577254
        ],
        [
          0.0023408132131005946,
          -0.002572760585186045,
          0.08532999427786114
        ],
        [
          0.08534054946541272,
          -0.002124217513967546,
          -0.002405149451058239
        ]
      ],
      "translation": [
        -0.005750017750700235,
        -0.24525660597228738,
        0.2564471561102452
      ],
      "filename": "Dataset/Wall 4/20251209_205809.jpg",
      "wall_id": 4
    },
    {
      "rotation": [
        [
          0.036911408627958706,
          0.0754813463485818,
          -0.015278111581357974
        ],
        [
          0.006780050739024732,
          -0.02006159689964212,
          -0.08273372751665216
        ],
        [
          -0.07671300575562945,
          0.03454569597256426,
          -0.014663426089937261
        ]
      ],
      "translation": [
        0.14312277676484403,
        0.27008826370907935,
        -0.1827198169496945
      ],
      "filename": "Dataset/Wall 4/20251209_205810.jpg",
      "wall_id": 4
    },
    {
      "rotation": [
        [
          -0.01878881135415663,
          0.07872534717095947,
          0.027250811138330354
        ],
        [
          -0.03315349931829455,
          -0.032693757896434576,
          0.07159099178352181
        ],
        [
          0.07642730191388995,
          0.005171492473972615,
          0.037754862133795274
        ]
      ],
      "translation": [
        -0.15315235965304314,
        -0.30488026335695645,
        0.10871425664122675
      ],
      "filename": "Dataset/Wall 4/20251209_205811.jpg",
      "wall_id": 4
    },
    {
      "rotation": [
        [
          0.03918757412786619,
          0.07559311291782189,
          -0.006581925277116833
        ],
        [
          -0.033462438914521234,
          0.02386507333995394,
          0.07486006868389639
        ],
        [
          0.06810217061777149,
          -0.0317717796300298,
          0.04057036853759026
        ]
      ],
      "translation": [
        0.1167362944634359,
        -0.3339332251674514,
        0.08078841081816157
      ],
      "filename": "Dataset/Wall 4/20251209_205814.jpg",
      "wall_id": 4
    },
    {
      "rotation": [
        [
          0.04682825604523796,
          0.0571176249868407,
          -0.04287187631316585
        ],
        [
          -0.024241105135409186,
          0.06093498175177625,
          0.05470469127699985
        ],
        [
          0.06717730036673698,
          -0.017827264000974907,
          0.049625652647233454
        ]
      ],
      "translation": [
        0.2513365921827106,
        -0.25101116368884735,
        0.04131250808973736
      ],
      "filename": "Dataset/Wall 4/20251209_205815.jpg",
      "wall_id": 4
    },
    {
      "rotation": [
        [
          0.043486918986475276,
          0.07227844871877348,
          -0.013342419378002481
        ],
        [
          -0.04152652551945316,
          0.03695281781669391,
          0.06483319644036964
        ],
        [
          0.060644389537145744,
          -0.02652586536196301,
          0.053962421289755584
        ]
      ],
      "translation": [
        0.15118473061310408,
        -0.3214440946551339,
        0.0162072646998153
      ],
      "filename": "Dataset/Wall 4/20251209_205817.jpg",
      "wall_id": 4
    },
    {
      "rotation": [
        [
          0.040757737088260595,
          0.07494499707902273,
          0.0039192738175112115
        ],
        [
          -0.05118294288815793,
          0.02449740025909153,
          0.06382389963673916
        ],
        [
          0.05488551404276835,
          -0.03280901126761155,
          0.05660791070945774
        ]
      ],
      "translation": [
        0.09341299485904367,
        -0.3386734277266438,
        -0.011667932649388101
      ],
      "filename": "Dataset/Wall 4/20251209_205819.jpg",
      "wall_id": 4
    },
    {
      "rotation": [
        [
          0.03676121940796561,
          0.07669729914215309,
          -0.007709959722697887
        ],
        [
          -0.061339842495165324,
          0.023933131776449415,
          -0.05438690424198219
        ],
        [
          -0.04668343279253202,
          0.0289488503166761,
          0.06539057726488547
        ]
      ],
      "translation": [
        0.11288740474077498,
        -0.01330487039790165,
        -0.337249152559346
      ],
      "filename": "Dataset/Wall 4/20251209_205821.jpg",
      "wall_id": 4
    },
    {
      "rotation": [
        [
          0.05011289101631562,
          0.06726829241085265,
          0.016030639946740623
        ],
        [
          -0.04975182854831311,
          0.04882192122581659,
          -0.04934047011233815
        ],
        [
          -0.048028742822119115,
          0.019613854056133823,
          0.06783688538677576
        ]
      ],
      "translation": [
        0.07630540206577247,
        0.0009274660056794947,
        -0.3525436017161948
      ],
      "filename": "Dataset/Wall 4/20251209_205822.jpg",
      "wall_id": 4
    },
    {
      "rotation": [
        [
          -0.016937288884852235,
          0.07608573101777664,
          0.034891205306047265
        ],
        [
          -0.057793503291446294,
          0.0151213241553669,
          -0.06102919760309016
        ],
        [
          -0.060550356312079424,
          -0.03571573208357899,
          0.048490692500740354
        ]
      ],
      "translation": [
        -0.17289116202902868,
        0.01627187130663358,
        -0.3115656231668648
      ],
      "filename": "Dataset/Wall 4/20251209_205824.jpg",
      "wall_id": 4
    },
    {
      "rotation": [
        [
          0.010886491826605428,
          0.06260202077894439,
          0.05705942268450507
        ],
        [
          -0.0627970249917532,
          0.04457234865419354,
          -0.03692080463128151
        ],
        [
          -0.05684473920145562,
          -0.03725049203472028,
          0.051714436043302815
        ]
      ],
      "translation": [
        -0.15300495711455675,
        -0.07363281285271385,
        -0.313837531130945
      ],
      "filename": "Dataset/Wall 4/20251209_205826.jpg",
      "wall_id": 4
    },
    {
      "rotation": [
        [
          -0.03290799105124449,
          0.05585832120022148,
          0.055589733806263475
        ],
        [
          -0.06481235238093594,
          0.01508595367673288,
          -0.05352643652906465
        ],
        [
          -0.044830007035552955,
          -0.06281375949060433,
          0.03657879870684533
        ]
      ],
      "translation": [
        -0.26756299316126086,
        -0.028517881640834727,
        -0.22613156598550335
      ],
      "filename": "Dataset/Wall 4/20251209_205828.jpg",
      "wall_id": 4
    }
  ]
}