{
  "cameras": [
    {
      "rotation": [
        [
          1.0,
          0.0,
          0.0
        ],
        [
          0.0,
          1.0,
          0.0
        ],
        [
          0.0,
          0.0,
          1.0
        ]
      ],
      "translation": [
        0,
        0,
        0
      ],
      "filename": "Dataset/Wall 3/20251209_205719.jpg"
    },
    {
      "rotation": [
        [
          0.7637797875042835,
          -0.145084180171974,
          0.6289602665222493
        ],
        [
          0.11412521844904061,
          0.9894137685972563,
          0.08964278567812095
        ],
        [
          -0.6353076976661536,
          0.003312880016091386,
          0.7722520016886515
        ]
      ],
      "translation": [
        -0.9391212024241335,
        -0.19329470834757892,
        0.2840572528246268
      ],
      "filename": "Dataset/Wall 3/20251209_205720.jpg"
    },
    {
      "rotation": [
        [
          0.15708227059307767,
          -0.2545068602629546,
          0.9542281793912907
        ],
        [
          0.019866801922190532,
          0.9668421551254747,
          0.25460078015142146
        ],
        [
          -0.987385674620969,
          -0.0210358064124149,
          0.15692999841289557
        ]
      ],
      "translation": [
        -1.4007281577575204,
        -0.46386848208597287,
        1.1721675919874757
      ],
      "filename": "Dataset/Wall 3/20251209_205721.jpg"
    },
    {
      "rotation": [
        [
          0.11362798944642395,
          -0.257765596387705,
          0.9595027760946058
        ],
        [
          -0.7412968536995852,
          0.6210063831891031,
          0.25461745174572137
        ],
        [
          -0.6614889679423678,
          -0.7402080581547861,
          -0.1205171188390306
        ]
      ],
      "translation": [
        -1.4315050475030284,
        -0.26410366658426276,
        1.5926208189850877
      ],
      "filename": "Dataset/Wall 3/20251209_205722.jpg"
    },
    {
      "rotation": [
        [
          0.6831546519671795,
          0.39435393199193297,
          0.6146419265052657
        ],
        [
          -0.7113077147644643,
          0.5498999815225165,
          0.43778001923122484
        ],
        [
          -0.16535131209687023,
          -0.7362710008169803,
          0.656173724667336
        ]
      ],
      "translation": [
        -1.125433847831262,
        -0.5151794522832771,
        0.09687088339736463
      ],
      "filename": "Dataset/Wall 3/20251209_205724.jpg"
    },
    {
      "rotation": [
        [
          0.837015471417347,
          0.4812679020692492,
          0.2603580362613362
        ],
        [
          -0.5377988063759439,
          0.6358437797176406,
          0.5536019613901263
        ],
        [
          0.10088381668337865,
          -0.6033936478222555,
          0.7910363843080462
        ]
      ],
      "translation": [
        -0.7215523461471843,
        -1.066897050874116,
        -1.1563913410757527
      ],
      "filename": "Dataset/Wall 3/20251209_205726.jpg"
    },
    {
      "rotation": [
        [
          0.8490614274974253,
          0.5280435287658773,
          0.016270343097590113
        ],
        [
          -0.460688876985579,
          0.7249826397945937,
          0.5120214161714616
        ],
        [
          0.2585738791096271,
          -0.44223320061359295,
          0.8588185753215046
        ]
      ],
      "translation": [
        0.5538460718514099,
        -1.5056845682549005,
        -1.2612886493806188
      ],
      "filename": "Dataset/Wall 3/20251209_205729.jpg"
    },
    {
      "rotation": [
        [
          0.8274750419655447,
          0.5577654421198107,
          -0.06467431098211317
        ],
        [
          -0.4222739447028089,
          0.5422377227713401,
          -0.7264041351953345
        ],
        [
          -0.3700942725161376,
          0.6283915686740581,
          0.6842179958683551
        ]
      ],
      "translation": [
        0.7160973282650308,
        1.7643606712449877,
        -1.3084469358516038
      ],
      "filename": "Dataset/Wall 3/20251209_205739.jpg"
    },
    {
      "rotation": [
        [
          0.829162886378285,
          0.5587115499003255,
          -0.01817448378377236
        ],
        [
          -0.5344010334623881,
          0.8017860455783471,
          0.26749705147939323
        ],
        [
          0.1640257397092388,
          -0.21208616438564057,
          0.9633872614836804
        ]
      ],
      "translation": [
        0.6409356024149141,
        -1.233011344324916,
        -1.743706441084141
      ],
      "filename": "Dataset/Wall 3/20251209_205741.jpg"
    },
    {
      "rotation": [
        [
          0.8081823840431224,
          0.5882060595742712,
          0.029238084795056025
        ],
        [
          -0.5019863530554058,
          0.6620563626194713,
          0.5564989434502178
        ],
        [
          0.3079787906147245,
          -0.4644297623916712,
          0.8303337042035023
        ]
      ],
      "translation": [
        0.4071523983887793,
        -2.2109205242606818,
        -2.1599801296526353
      ],
      "filename": "Dataset/Wall 3/20251209_205745.jpg"
    },
    {
      "rotation": [
        [
          0.649398058936853,
          0.6057364054618022,
          0.45974511215157293
        ],
        [
          -0.7577787965037692,
          0.4648465207135049,
          0.45791812341274296
        ],
        [
          0.06366676227315286,
          -0.6457562382809517,
          0.7608846325842635
        ]
      ],
      "translation": [
        -1.3078079194236762,
        -2.1024663348469694,
        -3.055669594820087
      ],
      "filename": "Dataset/Wall 3/20251209_205750.jpg"
    },
    {
      "rotation": [
        [
          -0.49700592865921545,
          -0.42847713329570575,
          -0.7545809785041532
        ],
        [
          -0.7423679739984742,
          -0.24030417088223038,
          0.6254148196501281
        ],
        [
          -0.4493049054472819,
          0.8710116254673633,
          -0.1986551037394033
        ]
      ],
      "translation": [
        2.5881682459450026,
        -3.1025879732870827,
        1.680004917976341
      ],
      "filename": "Dataset/Wall 3/20251209_205751.jpg"
    },
    {
      "rotation": [
        [
          -0.8207026345326208,
          -0.2962804958944604,
          -0.48853357451023605
        ],
        [
          -0.36236511639393165,
          -0.3911666599357623,
          0.8459788215880534
        ],
        [
          -0.4417450713839684,
          0.8713245732258634,
          0.2136697919705564
        ]
      ],
      "translation": [
        2.0143803152237663,
        -3.2328133880149577,
        0.012936111935148611
      ],
      "filename": "Dataset/Wall 3/20251209_205753.jpg"
    },
    {
      "rotation": [
        [
          -0.9419563933919184,
          0.3319259796736609,
          -0.05043111108998977
        ],
        [
          -0.2540573775134245,
          -0.6065104023739842,
          0.7533923152933996
        ],
        [
          0.21948348885301192,
          0.7224751039515679,
          0.6556345950993439
        ]
      ],
      "translation": [
        0.029392479533963622,
        -2.8516155093523605,
        -1.5688467987721901
      ],
      "filename": "Dataset/Wall 3/20251209_205755.jpg"
    },
    {
      "rotation": [
        [
          -0.9249932329153173,
          0.3799815050265155,
          -0.0012549496622875518
        ],
        [
          -0.37465026754865716,
          -0.9114539985908005,
          0.16996701291297597
        ],
        [
          0.06344049248381274,
          0.15768850399006834,
          0.9854489533318231
        ]
      ],
      "translation": [
        -0.19087270447238983,
        -0.3659302075586318,
        -2.511230208517017
      ],
      "filename": "Dataset/Wall 3/20251209_205758.jpg"
    }
  ]
}