{
  "cameras": [
    {
      "rotation": [
        [
          1.0,
          0.0,
          0.0
        ],
        [
          0.0,
          1.0,
          0.0
        ],
        [
          0.0,
          0.0,
          1.0
        ]
      ],
      "translation": [
        0,
        0,
        0
      ],
      "filename": "Dataset/Wall 2/20251209_205655.jpg"
    },
    {
      "rotation": [
        [
          0.7065174973529249,
          -0.11820348189114481,
          0.6977542280796079
        ],
        [
          0.07697473393551583,
          0.9929383692009588,
          0.09026785310450881
        ],
        [
          -0.703496919872231,
          -0.01006637160801152,
          0.7106270132023781
        ]
      ],
      "translation": [
        -0.9326138219961346,
        -0.20532424284698517,
        0.2967716534999161
      ],
      "filename": "Dataset/Wall 2/20251209_205657.jpg"
    },
    {
      "rotation": [
        [
          -0.19157938305959385,
          -0.2023759747548909,
          0.9603860186552661
        ],
        [
          0.001040174062100008,
          0.9784684416340729,
          0.20639386319391612
        ],
        [
          -0.9814765702880667,
          0.040539777604185014,
          -0.1872438741518058
        ]
      ],
      "translation": [
        -1.0829824661332674,
        -0.3343010507424611,
        1.4853896607056303
      ],
      "filename": "Dataset/Wall 2/20251209_205659.jpg"
    },
    {
      "rotation": [
        [
          -0.7119481973558951,
          -0.25273826580391245,
          0.65517412439757
        ],
        [
          -0.12639622260645483,
          0.963870954666242,
          0.23447127257215578
        ],
        [
          -0.6907631715664286,
          0.08411986536614524,
          -0.7181713507640574
        ]
      ],
      "translation": [
        -0.9284220941539669,
        -0.4613556286825466,
        2.1531276978587224
      ],
      "filename": "Dataset/Wall 2/20251209_205701.jpg"
    },
    {
      "rotation": [
        [
          -0.5130643836480258,
          -0.24278789700428338,
          0.8232976225522025
        ],
        [
          0.01097241160862634,
          0.9572294400842238,
          0.28912178267908734
        ],
        [
          -0.858279991853103,
          0.15737164962051084,
          -0.4884563639470341
        ]
      ],
      "translation": [
        -0.5295313100483249,
        -0.7809852570917315,
        1.409852934042537
      ],
      "filename": "Dataset/Wall 2/20251209_205702.jpg"
    },
    {
      "rotation": [
        [
          0.5026390134837221,
          0.012283724305902978,
          0.8644091231825864
        ],
        [
          -0.032033877428761015,
          0.9994769925345987,
          0.004424035586739166
        ],
        [
          -0.8639026871245339,
          -0.029914068783270367,
          0.5027696248460513
        ]
      ],
      "translation": [
        -0.7745755558484031,
        -0.5940959933557796,
        0.5843411933345077
      ],
      "filename": "Dataset/Wall 2/20251209_205704.jpg"
    },
    {
      "rotation": [
        [
          0.9476222833866604,
          0.31863906156383726,
          -0.02193527922707125
        ],
        [
          -0.3183771777168605,
          0.9478511041184744,
          0.014637524737297533
        ],
        [
          0.025455465780437274,
          -0.00688715232194196,
          0.9996522327263591
        ]
      ],
      "translation": [
        -0.1899351909607795,
        -0.532292542410489,
        0.11943337160419243
      ],
      "filename": "Dataset/Wall 2/20251209_205705.jpg"
    },
    {
      "rotation": [
        [
          0.5541356221274503,
          0.4192843413278463,
          -0.7191205416386727
        ],
        [
          -0.32967992469217017,
          0.9037867447942676,
          0.27291146401194766
        ],
        [
          0.7643591168713756,
          0.08584964211605521,
          0.6390500601706854
        ]
      ],
      "translation": [
        0.5148870101806087,
        -0.7215530931933187,
        0.5050124576178271
      ],
      "filename": "Dataset/Wall 2/20251209_205707.jpg"
    },
    {
      "rotation": [
        [
          0.7300103397366324,
          0.343712847739113,
          -0.5907168375598211
        ],
        [
          0.44372493673158125,
          0.41902111382336577,
          0.7921675875045501
        ],
        [
          0.5198010046163449,
          -0.8404063210550565,
          0.1533757840421499
        ]
      ],
      "translation": [
        0.4716501852522028,
        -0.7685248304048463,
        1.3105910293661727
      ],
      "filename": "Dataset/Wall 2/20251209_205709.jpg"
    },
    {
      "rotation": [
        [
          0.923636785793515,
          -0.3809202113047648,
          -0.04236603059714625
        ],
        [
          0.20496849768103761,
          0.39752144457315314,
          0.8944074105589972
        ],
        [
          -0.32385645413887204,
          -0.8347912875228193,
          0.4452420727970244
        ]
      ],
      "translation": [
        0.27440880691757663,
        -0.8244802411807125,
        0.9999247703686932
      ],
      "filename": "Dataset/Wall 2/20251209_205710.jpg"
    },
    {
      "rotation": [
        [
          0.786979217236694,
          -0.6059817784033695,
          -0.11597325502291404
        ],
        [
          0.4189912186604584,
          0.3869337181118933,
          0.8214186852473764
        ],
        [
          -0.45289079293240736,
          -0.6950312093936465,
          0.5584098384214419
        ]
      ],
      "translation": [
        0.29038524322025977,
        -0.5633520159378353,
        -0.08522631854080387
      ],
      "filename": "Dataset/Wall 2/20251209_205712.jpg"
    },
    {
      "rotation": [
        [
          0.3562344267861653,
          -0.7660903284756291,
          0.534979104067099
        ],
        [
          0.7142424731228747,
          0.5924018969181152,
          0.3727166244147661
        ],
        [
          -0.60245723728714,
          0.24933030530587463,
          0.7582082010216085
        ]
      ],
      "translation": [
        -0.7819838498393865,
        0.1335495982475215,
        -0.111895959720203
      ],
      "filename": "Dataset/Wall 2/20251209_205714.jpg"
    },
    {
      "rotation": [
        [
          0.3262879361242127,
          -0.6896767889024854,
          0.6464380168190598
        ],
        [
          0.9008446090464757,
          0.01968712322487025,
          -0.433695062839124
        ],
        [
          0.286382913407392,
          0.7238496694951821,
          0.6277152880725522
        ]
      ],
      "translation": [
        -0.92274213407248,
        0.9991779037481708,
        0.5773969040265474
      ],
      "filename": "Dataset/Wall 2/20251209_205715.jpg"
    }
  ]
}