{
  "cameras": [
    {
      "rotation": [
        [
          1.0,
          0.0,
          0.0
        ],
        [
          0.0,
          1.0,
          0.0
        ],
        [
          0.0,
          0.0,
          1.0
        ]
      ],
      "translation": [
        0,
        0,
        0
      ],
      "filename": "Dataset/Wall 4/20251209_205806.jpg"
    },
    {
      "rotation": [
        [
          0.9984156823980246,
          -0.02314041681798709,
          -0.05128982600064968
        ],
        [
          0.05572620148381363,
          0.2804162838161322,
          0.958259515078737
        ],
        [
          -0.007792022194045806,
          -0.9595995148395191,
          0.2812615428918203
        ]
      ],
      "translation": [
        0.06311423180558927,
        -0.731538326424647,
        0.6788727942077345
      ],
      "filename": "Dataset/Wall 4/20251209_205808.jpg"
    },
    {
      "rotation": [
        [
          0.9992938263964232,
          -0.024873491686285058,
          -0.02816305980051521
        ],
        [
          0.02740971563051192,
          -0.0301256997485636,
          0.9991702305932226
        ],
        [
          -0.025701284307395073,
          -0.9992365844113154,
          -0.029422650440752835
        ]
      ],
      "translation": [
        0.04975809670217948,
        -0.574549637616377,
        -0.12406341713627733
      ],
      "filename": "Dataset/Wall 4/20251209_205809.jpg"
    },
    {
      "rotation": [
        [
          -0.8982697385488769,
          0.4045122855453632,
          -0.1717011579757079
        ],
        [
          0.07939089786277784,
          -0.23491095446474625,
          -0.968769285644938
        ],
        [
          -0.4322135608051584,
          -0.8838476420262312,
          0.178898808103343
        ]
      ],
      "translation": [
        0.15923800904751878,
        0.4232244481332984,
        0.752054379921625
      ],
      "filename": "Dataset/Wall 4/20251209_205810.jpg"
    },
    {
      "rotation": [
        [
          0.894924293891953,
          0.06055551006958111,
          0.4420899664120441
        ],
        [
          -0.38821038064252106,
          -0.3828270456689212,
          0.8382935962213917
        ],
        [
          0.22000729206864525,
          -0.9218332188116344,
          -0.31909294591388787
        ]
      ],
      "translation": [
        -0.80083540724363,
        0.35852252801764783,
        1.601819746882375
      ],
      "filename": "Dataset/Wall 4/20251209_205811.jpg"
    },
    {
      "rotation": [
        [
          0.7974412994624114,
          -0.3720311556089051,
          0.47505809451897885
        ],
        [
          -0.39182790400243156,
          0.27944770222951487,
          0.8765728009490744
        ],
        [
          -0.4588662850512795,
          -0.8851563709169961,
          0.07707095087184884
        ]
      ],
      "translation": [
        -0.6674494620101133,
        -0.41067104129174986,
        2.363740826201068
      ],
      "filename": "Dataset/Wall 4/20251209_205814.jpg"
    },
    {
      "rotation": [
        [
          0.7866115457537004,
          -0.20874806840719323,
          0.5810908018745773
        ],
        [
          -0.2838508406447354,
          0.7135172137696082,
          0.6405637251044836
        ],
        [
          -0.5483347302079733,
          -0.6688179345612085,
          0.5020075637448379
        ]
      ],
      "translation": [
        -0.4156335095975664,
        -0.6366762959631758,
        2.293749854743334
      ],
      "filename": "Dataset/Wall 4/20251209_205815.jpg"
    },
    {
      "rotation": [
        [
          0.7101145287869338,
          -0.3106042047078139,
          0.6318721263226739
        ],
        [
          -0.48625419971195843,
          0.43269844105163446,
          0.759163297567768
        ],
        [
          -0.5092093962882008,
          -0.8463433624299959,
          0.1562328505868543
        ]
      ],
      "translation": [
        0.023634688308028964,
        -0.26028003361870233,
        1.544895639722864
      ],
      "filename": "Dataset/Wall 4/20251209_205817.jpg"
    },
    {
      "rotation": [
        [
          0.6426810664461585,
          -0.3841766032123164,
          0.6628494432191023
        ],
        [
          -0.5993258675427908,
          0.2868519243785011,
          0.7473449524646778
        ],
        [
          -0.477252083626368,
          -0.8775672686606973,
          -0.045892675338156906
        ]
      ],
      "translation": [
        0.39130152476458613,
        0.6507508214015224,
        0.8121786088001385
      ],
      "filename": "Dataset/Wall 4/20251209_205819.jpg"
    },
    {
      "rotation": [
        [
          -0.5466389246002727,
          0.3389761090588339,
          0.7656899395964339
        ],
        [
          -0.7182579242988149,
          0.2802446314249577,
          -0.6368426027987187
        ],
        [
          -0.4304549224876114,
          -0.8980858222045501,
          0.09027965253234739
        ]
      ],
      "translation": [
        0.3208069907102385,
        0.055234655274733646,
        1.803700864449355
      ],
      "filename": "Dataset/Wall 4/20251209_205821.jpg"
    },
    {
      "rotation": [
        [
          -0.5623918113062626,
          0.22966811665629774,
          0.7943349462079645
        ],
        [
          -0.5825682566106756,
          0.5716795213926277,
          -0.5777514614519748
        ],
        [
          -0.5867961119207071,
          -0.7876770156681265,
          -0.18771052720318138
        ]
      ],
      "translation": [
        0.8811357691335839,
        -0.27712812045011076,
        2.5931552860165885
      ],
      "filename": "Dataset/Wall 4/20251209_205822.jpg"
    },
    {
      "rotation": [
        [
          -0.7090134482118317,
          -0.4182128050489527,
          0.5678010038277976
        ],
        [
          -0.6767321209757381,
          0.17706290819607828,
          -0.7146204328038942
        ],
        [
          0.19832691873381006,
          -0.8909246748374604,
          -0.40855802167050814
        ]
      ],
      "translation": [
        1.5743905792794353,
        0.13030502668077026,
        1.6097900843954374
      ],
      "filename": "Dataset/Wall 4/20251209_205824.jpg"
    },
    {
      "rotation": [
        [
          -0.6656225827342653,
          -0.43618405264207427,
          0.6055493783127031
        ],
        [
          -0.7353207799037387,
          0.5219192179700728,
          -0.43232358315880043
        ],
        [
          -0.1274752054162826,
          -0.7330373811302151,
          -0.6681364156142323
        ]
      ],
      "translation": [
        1.3199797835122253,
        0.11034969770695019,
        0.7783962024982988
      ],
      "filename": "Dataset/Wall 4/20251209_205826.jpg"
    },
    {
      "rotation": [
        [
          -0.5249362647482413,
          -0.7355167322557512,
          0.4283188701469795
        ],
        [
          -0.7589192243805244,
          0.1766487381308857,
          -0.6267669696006873
        ],
        [
          0.38533560543742545,
          -0.6540721366092485,
          -0.6509271167293507
        ]
      ],
      "translation": [
        0.9383175062580046,
        -0.3006966183959389,
        0.5327786110792192
      ],
      "filename": "Dataset/Wall 4/20251209_205828.jpg"
    }
  ]
}