{
  "cameras": [
    {
      "rotation": [
        [
          1.0,
          0.0,
          0.0
        ],
        [
          0.0,
          1.0,
          0.0
        ],
        [
          0.0,
          0.0,
          1.0
        ]
      ],
      "translation": [
        0,
        0,
        0
      ],
      "filename": "Dataset/Wall 1/20251209_205619.jpg"
    },
    {
      "rotation": [
        [
          0.851390209332536,
          0.04263965275821274,
          -0.5227968740011362
        ],
        [
          -0.06992616465836955,
          0.9970206775305548,
          -0.03255917800995241
        ],
        [
          0.5198509814830315,
          0.0642777456758737,
          0.8518352707313523
        ]
      ],
      "translation": [
        0.9756123338539624,
        0.10420099020121143,
        0.19319090991325585
      ],
      "filename": "Dataset/Wall 1/20251209_205621.jpg"
    },
    {
      "rotation": [
        [
          0.4021350016035004,
          0.007670003851814543,
          -0.9155482573443446
        ],
        [
          -0.13839397598683298,
          0.9889846877932252,
          -0.05250137827802256
        ],
        [
          0.9050605216757103,
          0.14781900537971912,
          0.39876684134045287
        ]
      ],
      "translation": [
        1.6125984823818547,
        0.11711642629111793,
        1.104633750454448
      ],
      "filename": "Dataset/Wall 1/20251209_205622.jpg"
    },
    {
      "rotation": [
        [
          -0.2534712231222712,
          -0.05080941022664265,
          -0.966007630860813
        ],
        [
          -0.12168201404498859,
          0.9923621922232058,
          -0.020267385226209335
        ],
        [
          0.9596592241555622,
          0.1124085551831942,
          -0.25771785001193054
        ]
      ],
      "translation": [
        1.4959999105558157,
        0.062426300647795044,
        2.2613988229785322
      ],
      "filename": "Dataset/Wall 1/20251209_205623.jpg"
    },
    {
      "rotation": [
        [
          -0.7671214680671447,
          -0.05526157995509867,
          -0.6391172122634272
        ],
        [
          -0.09501791060407987,
          0.9950814735379333,
          0.02800817177200805
        ],
        [
          0.6344259215187726,
          0.08221325198799431,
          -0.7685992006908509
        ]
      ],
      "translation": [
        0.8750385429431362,
        0.006704097476089677,
        2.9925543378673285
      ],
      "filename": "Dataset/Wall 1/20251209_205624.jpg"
    },
    {
      "rotation": [
        [
          -0.7848934554807464,
          -0.010472781525206998,
          -0.6195422377777148
        ],
        [
          0.33530243003306687,
          0.8336384619801348,
          -0.4388840337963037
        ],
        [
          0.5210705748335954,
          -0.5522112236767021,
          -0.6508058239506359
        ]
      ],
      "translation": [
        0.8318399060332219,
        0.9114535947280313,
        2.7661318108575053
      ],
      "filename": "Dataset/Wall 1/20251209_205626.jpg"
    },
    {
      "rotation": [
        [
          0.06998058653390085,
          -0.3263326420366561,
          -0.9426609805490769
        ],
        [
          0.357207389506589,
          0.8905128745866063,
          -0.28176178072511365
        ],
        [
          0.9313998058783666,
          -0.3170076133736769,
          0.17888704445226253
        ]
      ],
      "translation": [
        2.025597128194506,
        0.6309614666624439,
        1.2541612135056022
      ],
      "filename": "Dataset/Wall 1/20251209_205627.jpg"
    },
    {
      "rotation": [
        [
          0.8989826749720511,
          -0.3430531160692545,
          -0.2722952619038198
        ],
        [
          0.3153442719399451,
          0.9384191121264075,
          -0.14116501036216733
        ],
        [
          0.3039541745966997,
          0.04103814751008265,
          0.9518023587878842
        ]
      ],
      "translation": [
        1.124951278935248,
        0.2468285287649919,
        -0.968253852737416
      ],
      "filename": "Dataset/Wall 1/20251209_205629.jpg"
    },
    {
      "rotation": [
        [
          0.740433789978739,
          0.03622020897497606,
          0.6711526645402888
        ],
        [
          0.15341184646627504,
          0.9630811232324414,
          -0.2212228637305524
        ],
        [
          -0.6543872003802705,
          0.26676365294984955,
          0.7075411969937331
        ]
      ],
      "translation": [
        -1.1896949739772371,
        0.32035513261200166,
        -1.097156228786326
      ],
      "filename": "Dataset/Wall 1/20251209_205630.jpg"
    },
    {
      "rotation": [
        [
          0.763418517762551,
          -0.46108028359265807,
          0.4523241523723253
        ],
        [
          0.3455527266190151,
          0.8832036486524604,
          0.3170877293954244
        ],
        [
          -0.5456972419422638,
          -0.08576880020785524,
          0.8335815695224505
        ]
      ],
      "translation": [
        -0.7318540339056372,
        -0.5072017914455724,
        -0.3141639381281346
      ],
      "filename": "Dataset/Wall 1/20251209_205633.jpg"
    },
    {
      "rotation": [
        [
          0.8116288937079067,
          -0.5658130445614257,
          -0.14530704560553584
        ],
        [
          0.5641414232297769,
          0.6945832021869887,
          0.4464287511305144
        ],
        [
          -0.1516673778198887,
          -0.44430819691268314,
          0.8829423722199764
        ]
      ],
      "translation": [
        0.6985373179314617,
        -0.6952927635161666,
        -0.5989737815413935
      ],
      "filename": "Dataset/Wall 1/20251209_205634.jpg"
    },
    {
      "rotation": [
        [
          0.34261015996737476,
          -0.3241906632747153,
          -0.8817702036997109
        ],
        [
          0.7523207260656437,
          0.6568338055183925,
          0.05082201354029828
        ],
        [
          0.5627004562102227,
          -0.6807861380593228,
          0.4689332903591714
        ]
      ],
      "translation": [
        1.9414257832396338,
        0.1312581620255306,
        0.546993136372096
      ],
      "filename": "Dataset/Wall 1/20251209_205636.jpg"
    },
    {
      "rotation": [
        [
          -0.11916244860210004,
          -0.3104273421522791,
          -0.9430987096202723
        ],
        [
          0.09982676173151445,
          0.9413075555770917,
          -0.3224510869196756
        ],
        [
          0.9878435749071569,
          -0.13257055124631845,
          -0.0811795568902414
        ]
      ],
      "translation": [
        1.8585733916978557,
        0.537323945290141,
        1.7521640406160697
      ],
      "filename": "Dataset/Wall 1/20251209_205637.jpg"
    },
    {
      "rotation": [
        [
          0.3020584185785415,
          -0.21040261417523914,
          -0.9297803244390881
        ],
        [
          -0.014736171587794162,
          0.9741918687753022,
          -0.2252399788204118
        ],
        [
          0.9531755121764122,
          0.08173703420304781,
          0.29116232624933425
        ]
      ],
      "translation": [
        1.582953707760364,
        -0.011955574662485868,
        1.3179167202571473
      ],
      "filename": "Dataset/Wall 1/20251209_205639.jpg"
    },
    {
      "rotation": [
        [
          0.2559046751519969,
          -0.26823930782428546,
          -0.9287413369573356
        ],
        [
          -0.7489129604585469,
          0.5524770267097942,
          -0.3659214568935787
        ],
        [
          0.6112627707398561,
          0.7891874357184444,
          -0.059506440084926074
        ]
      ],
      "translation": [
        1.6676753397524668,
        -0.17105130347467012,
        1.4218308952108845
      ],
      "filename": "Dataset/Wall 1/20251209_205640.jpg"
    }
  ]
}